1.886095072
3.524285301e-15
7.610773283e-17
2.2719555
-3.497250087e-16
-1.260137617e-17
-3.29969149e-15
-9.061905801e-15
1.886095072
-3.164137924e-15
-6.643797863e-16
2.2719555
-3.436923286e-17
5.230042498e-16
-8.704562352e-14
-1.000958079e-14
7.720130436
-5.515687254e-15
1.004976625e-14
7.258823568
3.791318153e-14
-2.643217979e-15
-6.260839591e-15
1.641931834e-15
-3.364075502e-15
3.662143731e-16
2.056253364e-16
0.5648476336
0.5477225575
0
0
0
0
0
0
0
0.5477225575
0
0
0
0
0
0
0
0.316227766
0
0
0
0
0
0
0
0.316227766
0
0
0
