5.0812120792
-4.3183894333e-15
-7.0168040857e-17
5.9984281568
2.0738924861e-16
-2.3718128397e-17
3.2729037176e-17
3.6779706909e-15
5.0812120792
-2.2961568511e-15
4.0729825171e-16
5.9984281568
-9.6832689232e-17
-5.3342451154e-15
4.0992986357e-15
-1.181324935e-14
11.844296281
-2.3985681231e-15
-4.7851176745e-15
12.805309327
1.7198403804e-14
-5.0321310773e-16
-1.5971007671e-14
3.8249554706e-16
1.9672128899e-17
-5.6558462333e-15
1.5839744436e-16
1.0052930834
0.54772255751
0
0
0
0
0
0
0
0.54772255751
0
0
0
0
0
0
0
0.54772255751
0
0
0
0
0
0
0
0.31622776602
0
0
0
